l = [1.4313854729374, 1.5972730035585, 1.3613029697763, 1.4819227999002, 1.5944647462498, 1.6234263965326, 1.537272509346, 1.6708629987884, 1.7117855499417, 1.6852761027601, 1.6076328812744, 1.9127901422905, 1.6897506122826, 1.8750047433124, 3.1757973974494, 3.2537310809374, 3.2047868203156, 3.234120447751, 3.1620699493538, 3.2752120299616, 3.2225578739906, 3.0691070001125, 3.0024980722158, 3.0192292714629, 1.0846273683066, 1.05072832229, 1.07639459428, 0.97460227092772, 0.91126713631879, 1.0949125111653, 0.93413721969508, 0.94960155170839, 1.029564365162, 1.2011408108154, 0.86646865483364, 1.022108758246, 0.86376968870415, 1.0518785250129, 1.133748303756, 0.97692372031261, 0.94506908932675, 0.90553907612385, 1.2271589117819, 1.0764352427446, 0.97731229842889, 0.85760025942801, 0.72959503106448, 0.60648710774272, 0.68671463069431, 0.65130206692223, 0.70826814511821, 0.75814482105089, 0.53443222573129, 0.60145596887415, 0.62565017255467, 0.63024773273965, 0.65851375865703, 0.44952095411927, 0.53874581996338, 0.57548364074735, 0.61172388103469, 0.5583886548906, 0.59339058702769, 0.61059779543546, 0.62615150710631, 0.56772665356622, 0.63101386143876, 0.46930036955817, 0.57023316054953, 0.54276461212507, 0.47687103607283, 0.5081424372507, 0.59035839277041, 0.53237248776605, 0.45023653234821, 0.6245212389848, 0.55182815692501, 0.63949369086905, 0.50596979872776, 0.55823264347865, 0.61516218850114, 0.63272528537611, 0.78515289052606, 0.63005452351101, 1.0349016031813, 1.0342992086922, 1.0260165991106, 1.1703830297604, 1.1597436104063, 0.99032088824409, 1.0692352502757, 1.1664956762595, 0.89016631960121, 0.87448549453084, 1.0645704578801, 1.2302473469013, 1.0414602910358, 0.94244607613924, 0.9538231437194, 1.18717245712, 0.95704653053318, 1.0040023329237, 1.0723593992662, 1.0145494134217, 1.0340606728138, 1.2181667416631, 1.1621220212187, 2.2462382119633, 2.4808795924471, 2.433554652798, 2.6416453869387, 2.4269990623489, 2.2078034839962, 2.0881432763679, 2.1179763868268, 1.9145628186871, 1.7071594070657, 1.8063668063054, 1.6914222353191, 1.8639198223115, 1.5674889109507, 1.6119501771851, 1.7159489453385, 1.4786894000989, 1.7920894079742, 1.5178999973867, 1.4813930568239, 1.5009756046759];
g1 = [1.5018086366464, 1.5072574992062, 1.5164125181516, 1.5293863726783, 1.5463415610912, 1.5674954710989, 1.5931273934381, 1.623587913345, 1.6593112924926, 1.7008316989391, 1.7488044876708, 3.0067244346752, 3.1125206151783, 3.2341089168, 3.374041707275, 3.5355339059327, 3.374041707275, 3.2341089168, 3.1125206151783, 3.0067244346752, 2.9146748410307, 2.8347201740818, 1.1062076601986, 1.0823920712612, 1.0620850555691, 1.044997105306, 1.030894496953, 1.0195910366636, 1.0109417992814, 1.0048384525902, 1.0012058771173, 0.99999988079071, 1.0012058771173, 1.0048384525902, 1.0109417992814, 1.0195910366636, 1.030894496953, 1.044997105306, 1.0620850555691, 1.0823920712612, 1.1062076601986, 1.0606783182035, 0.9725688175578, 0.89997675956405, 0.8393501457069, 0.78815509322801, 0.7445367147805, 0.70710720265503, 0.67480874367212, 0.64682216889582, 0.62250449407704, 0.60134524536453, 0.58293531566245, 0.56694437274134, 0.55310422571006, 0.54119642272421, 0.53104290761583, 0.52249892637313, 0.51544761715316, 0.509795882966, 0.50547126118171, 0.50241958565339, 0.50060329661784, 0.50000029802322, 0.50060329661784, 0.50241958565339, 0.50547126118171, 0.509795882966, 0.51544761715316, 0.52249892637313, 0.53104290761583, 0.54119642272421, 0.55310422571006, 0.56694437274134, 0.58293531566245, 0.60134524536453, 0.62250449407704, 0.64682216889582, 0.67480874367212, 0.70710720265503, 0.7445367147805, 0.78815509322801, 0.8393501457069, 0.89997675956405, 0.9725688175578, 1.0606783182035, 1.1062077920689, 1.0823922002924, 1.0620851821796, 1.0449972298794, 1.0308946198452, 1.0195911582083, 1.0109419197951, 1.0048385723763, 1.0012059964704, 1.0, 1.0012059964704, 1.0048385723763, 1.0109419197951, 1.0195911582083, 1.0308946198452, 1.0449972298794, 1.0620851821796, 1.0823922002924, 1.1062077920689, 2.2677753282455, 2.3317390389294, 2.4053786875094, 2.4900156016434, 2.3644633066216, 2.2336082804731, 2.1213198377975, 2.0244245417045, 1.940464887437, 1.8675119238573, 1.8040342306898, 1.7488044876708, 1.7008316989391, 1.6593112924926, 1.623587913345, 1.5931273934381, 1.5674954710989, 1.5463415610912, 1.5293863726783, 1.5164125181516, 1.5072574992062, 1.5018086366464, 1.4999996423721];
g2 = [0.50060275952909, 0.50241904661597, 0.50547071887021, 0.50979533601468, 0.51544706413819, 0.52249836579293, 0.53104233786894, 0.54119584208379, 0.55310363229395, 0.56694376447638, 0.58293469024108, 0.60134460019146, 0.62250382620257, 0.64682147493133, 0.67480801968131, 0.70710644401176, 0.67480834145501, 0.64682178335999, 0.62250412303566, 0.60134488693505, 0.58293496820613, 0.56694403481636, 0.55310389603444, 0.5411961001462, 0.53104259108978, 0.52249861493969, 0.51544730992262, 0.50979557910416, 0.50547095989754, 0.50241928618816, 0.5006029982352, 0.5, 0.5006029982352, 0.50241928618816, 0.50547095989754, 0.50979557910416, 0.51544730992262, 0.52249861493969, 0.53104259108978, 0.5411961001462, 0.55310389603444, 0.56694403481636, 0.58293496820613, 0.60134488693505, 0.62250412303566, 0.64682178335999, 0.67480834145501, 0, 0.67480834145501, 0.64682178335999, 0.62250412303566, 0.60134488693505, 0.58293496820613, 0.56694403481636, 0.55310389603444, 0.5411961001462, 0.53104259108978, 0.52249861493969, 0.51544730992262, 0.50979557910416, 0.50547095989754, 0.50241928618816, 0.5006029982352, 0.5, 0.5006029982352, 0.50241928618816, 0.50547095989754, 0.50979557910416, 0.51544730992262, 0.52249861493969, 0.53104259108978, 0.5411961001462, 0.55310389603444, 0.56694403481636, 0.58293496820613, 0.60134488693505, 0.62250412303566, 0.64682178335999, 0.67480834145501, 0.70710678118655, 0.7445362710023, 0.78815462345125, 0.83934964541553, 0.89997622313642, 0.97256823786196, 1.0606776859903, 1.1694399334329, 1.3065629648764, 1.4841646163142, 1.7224470982383, 2.0577810099534, 2.5629154477415, 3.4076084184687, 3.5169345241727, 3.5042205102342, 3.4999995231628, 3.5042205102342, 3.5169345241727, 4.0437669560983, 4.0783639035648, 2.0617893395404, 2.0899945609746, 2.1241704672301, 2.1647845054226, 2.2124156912824, 2.267776249091, 2.3317399857478, 2.4053796642298, 2.4900166127311, 2.364463400577, 2.2336083692287, 0.70710644401176, 0.67480801968131, 0.64682147493133, 0.62250382620257, 0.60134460019146, 0.58293469024108, 0.56694376447638, 0.55310363229395, 0.54119584208379, 0.53104233786894, 0.52249836579293, 0.51544706413819, 0.50979533601468, 0.50547071887021, 0.50241904661597, 0.50060275952909, 0.49999976158142];
